750
406
533
450
230
829
369
89
43
669
417 343
7
848
265
356
141
301
27 524
620 853
563 585
908
106
736
746
546
293
824 595
926
260
889
553 566
387
411
489
33
740 221
613
863
575
6 130
4
258
423
943 795
28
475 949
540
803
274
471 977
907
872 579
339 452
156 344
253 432
839
542 808
691
31 527
747
179
678
734
175 968
539
465 424
338 172
617 984
355 583
430
502
603 618
997
622 711
336 359
493
637 353
842
515
278
16
797 857
90
479
845
675 401
464 331
709 744
580 581
606
611
890
93 244
211
442
774 909
497
503 619
770 105
209
279
704
543 214
673 182
190 224
501 445
887
667
459 783
931
738
942
896
922
610
509
526
22
392 171
514
114 481
287
467
107
167
456
477
23
599 513
116 223
856 350
334
754
457
261
869
205
550
328
435
62
263 798
50
632 762
34
690
296
234 80
14
994
810 816
708
541
243 270
275
834 668
728
414 910
737 765
916 289
756
13
998
608 689
42
360
979 892
169 324
626
592
400
60
504
786
94 846
706
530
520
241
823
304 449
590 633
446
92
963
549
702
140
760 548
811
640
794 237
594
240
255
307 545
870
785
564 990
615 882
955
345 801
877
56
70
862 835
267
875
899
136
404
196
302
120
476 153
440
115 814
162 69
249 769
383 825
451
662 664
967 428
832 227
572 828
761
777
958 681
992
133 108
648
29
337 522
567
952 587
361
154
312
873 454
833 266
538
81
0 660
716 152
860
723
782 96
516
245
529 701
188 685
672
776
940 238
61 415
202
677
186
721 840
650
655
939
784
397
352
741
468
228
320
929 919
900
713
813 469
697 903
8 818
665 137
953 395
393
913
914
692
995 143
124 206
895
386 264
433
305
212
225
269 915
371 961
75
98
788 12
166
309
917
193
855
113
77
521 928
59 365
573 805
200 322
149
809
103
867
559
66 410
680
110
35
208
252 930
964
641
531
570
763 310
78
135
25
402 800
843
959
74
767
125
642
556
199 385
315
53 85
271 634
724
985 510
474 422
431
739
24
316
936
525 150
614
168 993
695 288
506
218 492
347
483
151 18
421
111
682
792
659 598
718
298
487 758
377
707
412
588
41
827
484 104
749 927
886
605
980 710
494 751
257 394
905
222
1
390 65
176
920 941
989
705 750
52 981
851
609 568
817 26
145
722
351
775
830
596
906
463
268
276
966
841 625
658
357
731 297
364
629
962
250 589
311
970
178
409 535
332
519
100
480
523 571
974 290
630 577
5
653 894
891 405
602
195 511
368 696
923
688
954
584
180 327
407 631
748
284
197
971
68 911
144 204
49 437
771
219
656
403 55
878
259 79
441
67 512
948
272
460
47 388
389
879 10
306 537
790
333
314
21
439
458 470
146 191
321 455
670 147
938
138 883
84 438
671
370
300
118 715
121
969
972
778
820
418 586
323
500
727
354
48
375 242
109
486
194
119 683
639
51 699
975
719
698 285
616
868 582
600 434
988 982
132
558 295
231 413
71 37
396
239
759 498
768
235
844
742
341 674
679
207 478
779
448
897 173
787
591
781 517
374
852
819
488
443 54
491
490 720
286
11
884 32
187
978
628 183
398 99
117 382
831
126 796
358
729
391
220
348
752 912
181
83
607 562
73
904 134
378
76 717
294
499
177
652
485
213
854
462
64 165
9
933
888
965 789
303
282
693
292
420
557
597
898 578
216
291 956
874
574
772
495 686
38
346
807
277
319
565
901 444
621
646
158 773
232
174
198 947
112
766
313
757
280 838
999 753
560
976
256 273
399 366
518 215
425
251
203
821
865
849
329
340
944
743
861 88
87
951
791
210
921
643 881
248 330
694
247
864
429
893
102 528
57 246
189
950
482 601
945 419
45
192
170
937 703
436
281
793 372
335 15
850
473
732
164
17
636 552
623
19
139
217
95 163
826
612 973
496 534
638
381
466 847
802
547 996
308
122
987
142
36 544
836
822
986
815
507
647
663
325
3
745
561
555
687
536
362
755
725
39
82 318
254
902 384
983
730
236 408
866 635
349
551
160 991
764
645
957 46
576
859
804
624 40
684 58
91 837
925
876 101
127
155 714
644
726 157
924
657 363
317
654
554
712
201
812
72 131
184
649
780
427 376
880
283
262 30
426 128
226 676
508
299
651 946
326
532
799
44 661
604
806 858
447 97
733
2 20
63
229
185 735
161 918
505
148
453
379
569
367
960 934
86 666
373 871
935
416
885 129
380
123 461
627
342
932 700
472
233
159
593
